0000000000000000000000000000000000000001
0000000000100000000000001110100000000001
0000000000000000000000000000000000000001
0000000000111000000000001110100000000001
1111111111110110000101100010000000000001
0000000000000000000000001110001000000001
1111111111110110000101110010000000000001
0000000000001000000000001110001000000001
0000000001100010000000110010000000000001
0000000001011010000001000010001000000001
0000000001001010000000110011010000000001
0000000001000010000001000010001000000001
0000000000100010000000000010001000000001
0000000000011010000000010010001000000001
0000000000010010000000100010001000000001
0000000000000000000000000000000000000001
0000000001010000000000001110001000000001
0000000001101000000000001111001000000001
0000000010010010000000110010000000000001
0000000010001010000001000010001000000001
0000000001111010000000110011010000000001
0000000001110010000001000010001000000001
0000000000111010000000000010001000000001
0000000000110010000000010010001000000001
0000000000101010000000100010001000000001
0000000000000000000000000000000000000001
0000000010000000000000001110001000000001
0000000010011000000000001111001000000001
0000000011000010000010000010000000000001
0000000010111010000010010010001000000001
0000000010101010000010000011010000000001
0000000010100010000010010010001000000001
0000000001010010000001010010001000000001
0000000001001010000001100010001000000001
0000000001000010000001110010001000000001
0000000000000000000000000000000000000001
0000000010110000000000001110001000000001
0000000011001000000000001111001000000001
0000000011110010000010000010000000000001
0000000011101010000010010010001000000001
0000000011011010000010000011010000000001
0000000011010010000010010010001000000001
0000000010000010000001010010001000000001
0000000001111010000001100010001000000001
0000000001110010000001110010001000000001
0000000000000000000000000000000000000001
0000000011100000000000001110001000000001
0000000011111000000000001111001000000001
0000000010110010000010100010000000000001
0000000000000000000000000000000000000001
0000000100101000000000001110001000000001
0000000101010010000011100010000000000001
0000000101001010000100000010001000000001
0000000100111010000011100011010000000001
0000000100110010000100000010001000000001
0000000100101010000011000010001000000001
0000000100100010000011010010001000000001
0000000100011010000011110010001000000001
0000000000000000000000000000000000000001
0000000101000000000000001110001000000001
0000000101011000000000001111001000000001
0000000110000010000100110010000000000001
0000000101111010000101010010001000000001
0000000101101010000100110011010000000001
0000000101100010000101010010001000000001
0000000101000010000100010010001000000001
0000000100111010000100100010001000000001
0000000100110010000101000010001000000001
0000000000000000000000000000000000000001
0000000101110000000000001110001000000001
0000000110001000000000001111001000000001
0000000110110010000110000010000000000001
0000000110101010000110100010001000000001
0000000110011010000110000011010000000001
0000000110010010000110100010001000000001
0000000101110010000101100010001000000001
0000000101101010000101110010001000000001
0000000101100010000110010010001000000001
0000000000000000000000000000000000000001
0000000110100000000000001110001000000001
0000000110111000000000001111001000000001
0000000111100010000111010010000000000001
0000000111011010000111110010001000000001
0000000111001010000111010011010000000001
0000000111000010000111110010001000000001
0000000110100010000110110010001000000001
0000000110011010000111000010001000000001
0000000110010010000111100010001000000001
0000000000000000000000000000000000000001
0000000111010000000000001110001000000001
0000000100000000000000001110001000000001
0000000111101000000000001111001000000001
0000000010110001000010000010000000000001
0000000000000000000000000000000000000001
0000001000000000000000001110001000000001
0000001000101010001000100010000000000001
0000001000100010001001000010001000000001
0000001000010010001000100011010000000001
0000001000001010001001000010001000000001
0000001000000010001000000010001000000001
0000000111111010001000010010001000000001
0000000111110010001000110010001000000001
0000000000000000000000000000000000000001
0000001000011000000000001110001000000001
0000001000110000000000001111001000000001
0000001001011010001001110010000000000001
0000001001010010001010010010001000000001
0000001001000010001001110011010000000001
0000001000111010001010010010001000000001
0000001000011010001001010010001000000001
0000001000010010001001100010001000000001
0000001000001010001010000010001000000001
0000000000000000000000000000000000000001
0000001001001000000000001110001000000001
0000001001100000000000001111001000000001
0000001010001010001011000010000000000001
0000001010000010001011100010001000000001
0000001001110010001011000011010000000001
0000001001101010001011100010001000000001
0000001001001010001010100010001000000001
0000001001000010001010110010001000000001
0000001000111010001011010010001000000001
0000000000000000000000000000000000000001
0000001001111000000000001110001000000001
0000001010010000000000001111001000000001
0000001010111010001100010010000000000001
0000001010110010001100110010001000000001
0000001010100010001100010011010000000001
0000001010011010001100110010001000000001
0000001001111010001011110010001000000001
0000001001110010001100000010001000000001
0000001001101010001100100010001000000001
0000000000000000000000000000000000000001
0000001010101000000000001110001000000001
0000001011000000000000001111001000000001
0000001011101010001101100010000000000001
0000001011100010001110000010001000000001
0000001011010010001101100011010000000001
0000001011001010001110000010001000000001
0000001010101010001101000010001000000001
0000001010100010001101010010001000000001
0000001010011010001101110010001000000001
0000000000000000000000000000000000000001
0000001011011000000000001110001000000001
0000001011110000000000001111001000000001
0000001100011010001110110010000000000001
0000001100010010001111010010001000000001
0000001100000010001110110011010000000001
0000001011111010001111010010001000000001
0000001011011010001110010010001000000001
0000001011010010001110100010001000000001
0000001011001010001111000010001000000001
0000000000000000000000000000000000000001
0000001100001000000000001110001000000001
0000001100100000000000001111001000000001
0000001101001010010000000010000000000001
0000001101000010010000100010001000000001
0000001100110010010000000011010000000001
0000001100101010010000100010001000000001
0000001100001010001111100010001000000001
0000001100000010001111110010001000000001
0000001011111010010000010010001000000001
0000000000000000000000000000000000000001
0000001100111000000000001110001000000001
0000001101010000000000001111001000000001
0000001101111010010001010010000000000001
0000001101110010010001110010001000000001
0000001101100010010001010011010000000001
0000001101011010010001110010001000000001
0000001100111010010000110010001000000001
0000001100110010010001000010001000000001
0000001100101010010001100010001000000001
0000000000000000000000000000000000000001
0000001101101000000000001110001000000001
0000000100001000000000001110001000000001
0000001110000000000000001111001000000001
0000000010110010000010110010000000000001
0000000000000000000000000000000000000001
0000001110011000000000001110001000000001
0000001111000010010010100010000000000001
0000001110111010010011000010001000000001
0000001110101010010010100011010000000001
0000001110100010010011000010001000000001
0000001110011010010010000010001000000001
0000001110010010010010010010001000000001
0000001110001010010010110010001000000001
0000000000000000000000000000000000000001
0000001110110000000000001110001000000001
0000001111001000000000001111001000000001
0000001111110010010011110010000000000001
0000001111101010010100010010001000000001
0000001111011010010011110011010000000001
0000001111010010010100010010001000000001
0000001110110010010011010010001000000001
0000001110101010010011100010001000000001
0000001110100010010100000010001000000001
0000000000000000000000000000000000000001
0000001111100000000000001110001000000001
0000001111111000000000001111001000000001
0000010000100010010101000010000000000001
0000010000011010010101100010001000000001
0000010000001010010101000011010000000001
0000010000000010010101100010001000000001
0000001111100010010100100010001000000001
0000001111011010010100110010001000000001
0000001111010010010101010010001000000001
0000000000000000000000000000000000000001
0000010000010000000000001110001000000001
0000010000101000000000001111001000000001
0000010001010010010110010010000000000001
0000010001001010010110110010001000000001
0000010000111010010110010011010000000001
0000010000110010010110110010001000000001
0000010000010010010101110010001000000001
0000010000001010010110000010001000000001
0000010000000010010110100010001000000001
0000000000000000000000000000000000000001
0000010001000000000000001110001000000001
0000000100010000000000001110001000000001
0000010001011000000000001111001000000001
0000000011100010010111000010000000000001
0000000000000000000000000000000000000001
0000010010001000000000001110001000000001
0000010010110010011000000010000000000001
0000010010101010011000100010001000000001
0000010010011010011000000011010000000001
0000010010010010011000100010001000000001
0000010010001010010111100010001000000001
0000010010000010010111110010001000000001
0000010001111010011000010010001000000001
0000000000000000000000000000000000000001
0000010010100000000000001110001000000001
0000010010111000000000001111001000000001
0000010011100010011001010010000000000001
0000010011011010011001110010001000000001
0000010011001010011001010011010000000001
0000010011000010011001110010001000000001
0000010010100010011000110010001000000001
0000010010011010011001000010001000000001
0000010010010010011001100010001000000001
0000000000000000000000000000000000000001
0000010011010000000000001110001000000001
0000010011101000000000001111001000000001
0000010100010010011010100010000000000001
0000010100001010011011000010001000000001
0000010011111010011010100011010000000001
0000010011110010011011000010001000000001
0000010011010010011010000010001000000001
0000010011001010011010010010001000000001
0000010011000010011010110010001000000001
0000000000000000000000000000000000000001
0000010100000000000000001110001000000001
0000010100011000000000001111001000000001
0000010101000010011011110010000000000001
0000010100111010011100010010001000000001
0000010100101010011011110011010000000001
0000010100100010011100010010001000000001
0000010100000010011011010010001000000001
0000010011111010011011100010001000000001
0000010011110010011100000010001000000001
0000000000000000000000000000000000000001
0000010100110000000000001110001000000001
0000010001100000000000001110001000000001
0000010101001000000000001111001000000001
0000000011100001000010000010000000000001
0000000000000000000000000000000000000001
0000010101100000000000001110001000000001
0000010110001010011101000010000000000001
0000010110000010011101100010001000000001
0000010101110010011101000011010000000001
0000010101101010011101100010001000000001
0000010101100010011100100010001000000001
0000010101011010011100110010001000000001
0000010101010010011101010010001000000001
0000000000000000000000000000000000000001
0000010101111000000000001110001000000001
0000010110010000000000001111001000000001
0000010110111010011110010010000000000001
0000010110110010011110110010001000000001
0000010110100010011110010011010000000001
0000010110011010011110110010001000000001
0000010101111010011101110010001000000001
0000010101110010011110000010001000000001
0000010101101010011110100010001000000001
0000000000000000000000000000000000000001
0000010110101000000000001110001000000001
0000010111000000000000001111001000000001
0000010111101010011111100010000000000001
0000010111100010100000000010001000000001
0000010111010010011111100011010000000001
0000010111001010100000000010001000000001
0000010110101010011111000010001000000001
0000010110100010011111010010001000000001
0000010110011010011111110010001000000001
0000000000000000000000000000000000000001
0000010111011000000000001110001000000001
0000010111110000000000001111001000000001
0000011000011010100000110010000000000001
0000011000010010100001010010001000000001
0000011000000010100000110011010000000001
0000010111111010100001010010001000000001
0000010111011010100000010010001000000001
0000010111010010100000100010001000000001
0000010111001010100001000010001000000001
0000000000000000000000000000000000000001
0000011000001000000000001110001000000001
0000011000100000000000001111001000000001
0000011001001010100010000010000000000001
0000011001000010100010100010001000000001
0000011000110010100010000011010000000001
0000011000101010100010100010001000000001
0000011000001010100001100010001000000001
0000011000000010100001110010001000000001
0000010111111010100010010010001000000001
0000000000000000000000000000000000000001
0000011000111000000000001110001000000001
0000011001010000000000001111001000000001
0000011001111010100011010010000000000001
0000011001110010100011110010001000000001
0000011001100010100011010011010000000001
0000011001011010100011110010001000000001
0000011000111010100010110010001000000001
0000011000110010100011000010001000000001
0000011000101010100011100010001000000001
0000000000000000000000000000000000000001
0000011001101000000000001110001000000001
0000011010000000000000001111001000000001
0000011010101010100100100010000000000001
0000011010100010100101000010001000000001
0000011010010010100100100011010000000001
0000011010001010100101000010001000000001
0000011001101010100100000010001000000001
0000011001100010100100010010001000000001
0000011001011010100100110010001000000001
0000000000000000000000000000000000000001
0000011010011000000000001110001000000001
0000011010110000000000001111001000000001
0000011011011010100101110010000000000001
0000011011010010100110010010001000000001
0000011011000010100101110011010000000001
0000011010111010100110010010001000000001
0000011010011010100101010010001000000001
0000011010010010100101100010001000000001
0000011010001010100110000010001000000001
0000000000000000000000000000000000000001
0000011011001000000000001110001000000001
0000010001101000000000001110001000000001
0000011011100000000000001111001000000001
0000000011100010010111010010000000000001
0000000000000000000000000000000000000001
0000011011111000000000001110001000000001
0000011100100010100111000010000000000001
0000011100011010100111100010001000000001
0000011100001010100111000011010000000001
0000011100000010100111100010001000000001
0000011011111010100110100010001000000001
0000011011110010100110110010001000000001
0000011011101010100111010010001000000001
0000000000000000000000000000000000000001
0000011100010000000000001110001000000001
0000011100101000000000001111001000000001
0000011101010010101000010010000000000001
0000011101001010101000110010001000000001
0000011100111010101000010011010000000001
0000011100110010101000110010001000000001
0000011100010010100111110010001000000001
0000011100001010101000000010001000000001
0000011100000010101000100010001000000001
0000000000000000000000000000000000000001
0000011101000000000000001110001000000001
0000011101011000000000001111001000000001
0000011110000010101001100010000000000001
0000011101111010101010000010001000000001
0000011101101010101001100011010000000001
0000011101100010101010000010001000000001
0000011101000010101001000010001000000001
0000011100111010101001010010001000000001
0000011100110010101001110010001000000001
0000000000000000000000000000000000000001
0000011101110000000000001110001000000001
0000011110001000000000001111001000000001
0000011110110010101010110010000000000001
0000011110101010101011010010001000000001
0000011110011010101010110011010000000001
0000011110010010101011010010001000000001
0000011101110010101010010010001000000001
0000011101101010101010100010001000000001
0000011101100010101011000010001000000001
0000000000000000000000000000000000000001
0000011110100000000000001110001000000001
0000010001110000000000001110001000000001
0000011110111000000000001111001000000001
0000000000000001000010000010000000000001
0000011111110001000010000010001001000001
0000100000010000000000001110001000000001
0000100000000001000010000010000000000001
0000011111110001000010000011010000000001
0000100000010010101011100010001000000001
0000011111111000000000001110001000000001
0000011111111000000000001100000000000001
0000100000001000000000001111001000000001
0000000100000111111111110010000000000001
0000011111000000000000001110001000000001
0000000100001111111111110010000000000001
0000011111001000000000001110001000000001
0000000100010111111111110010000000000001
0000011111010000000000001110001000000001
0000010001100111111111110010000000000001
0000011111011000000000001110001000000001
0000010001101111111111110010000000000001
0000011111100000000000001110001000000001
0000010001110111111111110010000000000001
0000011111101000000000001110001000000001
0000000000001001000010000010000000000001
0000100000101001000010000010001001000001
0000100001001000000000001110001000000001
0000100000111001000010000010000000000001
0000100000101001000010000011010000000001
0000100001001010101011110010001000000001
0000100000110000000000001110001000000001
0000100000110000000000001100000000000001
0000100001000000000000001111001000000001
0000011111000111111111110010000000000001
0000100000011000000000001110001000000001
0000011111011111111111110010000000000001
0000100000100000000000001110001000000001
0000000000000010101100001010000000000001
0000100001011001000010000010000000000001
0000100001010000000000001110001000000001
0000011111001001000010000010000000000001
0000100001011000000000001110001010000001
0001000001101001000010000010000000000001
0001000001100000000000001110001000000001
0000011111100001000010000010000000000001
0001000001101000000000001110001010000001
0000000000000010101100011010000000000001
0001100001111001000010000010000000000001
0001100001110000000000001110001000000001
0000011111010001000010000010000000000001
0001100001111000000000001110001010000001
0010000010001001000010000010000000000001
0010000010000000000000001110001000000001
0000011111101001000010000010000000000001
0010000010001000000000001110001010000001
0000100001010001000010000010000000000001
1111111101111000000000000000001000000001
0001000001100001000010000010000000000001
1111111110000000000000000000001000000001
0001100001110001000010000010000000000001
1111111101101000000000000000001000000001
0010000010000001000010000010000000000001
1111111101110000000000000000001000000001
0000100000011001000010000010000000000001
1111111101011000000000000000001000000001
0000100000100001000010000010000000000001
1111111101100000000000000000001000000001
0000000000000000000000000000000000000001
0000000000000000000000000000000000000001
0000000000000000000000000000000000000001
0000000000000000000000000000000000000001
0000000000000000000000000000000000000001
0000000000000000000000000000000000000001
0000000000000000000000000000000000000001
0000000000000000000000000000000000000001
0000000000000000000000000000000000000001
0000000000000000000000000000000000000001
0000000000000000000000000000000000000001
0000000000000000000000000000000000000001
0000000000000000000000000000000000000001
0000000000000000000000000000000000000001
0000000000000000000000000000000000000001
0000000000000000000000000000000000000001
0000000000000000000000000000000000000001
0000000000000000000000000000000000000001
0000000000000000000000000000000000000001
0000000000000000000000000000000000000001
0000000000000000000000000000000000000001
0000000000000000000000000000000000000001
0000000000000000000000000000000000000001
0000000000000000000000000000000000000001
0000000000000000000000000000000000000001
0000000000000000000000000000000000000001
0000000000000000000000000000000000000001
0000000000000000000000000000000000000001
0000000000000000000000000000000000000001
0000000000000000000000000000000000000001
0000000000000000000000000000000000000001
0000000000000000000000000000000000000001
0000000000000000000000000000000000000001
0000000000000000000000000000000000000001
0000000000000000000000000000000000000001
0000000000000000000000000000000000000001
0000000000000000000000000000000000000001
0000000000000000000000000000000000000001
0000000000000000000000000000000000000001
0000000000000000000000000000000000000001
0000000000000000000000000000000000000001
0000000000000000000000000000000000000001
0000000000000000000000000000000000000001
0000000000000000000000000000000000000001
0000000000000000000000000000000000000001
0000000000000000000000000000000000000001
0000000000000000000000000000000000000001
0000000000000000000000000000000000000001
0000000000000000000000000000000000000001
0000000000000000000000000000000000000001
0000000000000000000000000000000000000001
0000000000000000000000000000000000000001
0000000000000000000000000000000000000001
0000000000000000000000000000000000000001
0000000000000000000000000000000000000001
0000000000000000000000000000000000000001
0000000000000000000000000000000000000001
0000000000000000000000000000000000000001
0000000000000000000000000000000000000001
0000000000000000000000000000000000000001
0000000000000000000000000000000000000001
0000000000000000000000000000000000000001
0000000000000000000000000000000000000001
0000000000000000000000000000000000000001
0000000000000000000000000000000000000001
0000000000000000000000000000000000000001
0000000000000000000000000000000000000001
0000000000000000000000000000000000000001
0000000000000000000000000000000000000001
0000000000000000000000000000000000000001
0000000000000000000000000000000000000001
0000000000000000000000000000000000000001
0000000000000000000000000000000000000001
0000000000000000000000000000000000000001
0000000000000000000000000000000000000001
0000000000000000000000000000000000000001
0000000000000000000000000000000000000001
0000000000000000000000000000000000000001
0000000000000000000000000000000000000001
0000000000000000000000000000000000000001
0000000000000000000000000000000000000001
0000000000000000000000000000000000000001
0000000000000000000000000000000000000001
0000000000000000000000000000000000000001
0000000000000000000000000000000000000001
0000000000000000000000000000000000000001
0000000000000000000000000000000000000001
0000000000000000000000000000000000000001
0000000000000000000000000000000000000001
0000000000000000000000000000000000000001
0000000000000000000000000000000000000001
0000000000000000000000000000000000000001
0000000000000000000000000000000000000001
0000000000000000000000000000000000000001
0000000000000000000000000000000000000001
0000000000000000000000000000000000000001
0000000000000000000000000000000000000001
0000000000000000000000000000000000000001
0000000000000000000000000000000000000001
0000000000000000000000000000000000000001
0000000000000000000000000000000000000001
0000000000000000000000000000000000000001
0000000000000000000000000000000000000001
0000000000000000000000000000000000000001
0000000000000000000000000000000000000001
0000000000000000000000000000000000000001
0000000000000000000000000000000000000001
0000000000000000000000000000000000000001
0000000000000000000000000000000000000001
0000000000000000000000000000000000000001
0000000000000000000000000000000000000001
0000000000000000000000000000000000000001
0000000000000000000000000000000000000001
0000000000000000000000000000000000000001
0000000000000000000000000000000000000001
0000000000000000000000000000000000000001
0000000000000000000000000000000000000001
0000000000000000000000000000000000000001
0000000000000000000000000000000000000001
0000000000000000000000000000000000000001
0000000000000000000000000000000000000001
0000000000000000000000000000000000000001
0000000000000000000000000000000000000001
0000000000000000000000000000000000000001
0000000000000000000000000000000000000001
0000000000000000000000000000000000000001
0000000000000000000000000000000000000001
0000000000000000000000000000000000000001
0000000000000000000000000000000000000001
0000000000000000000000000000000000000001
0000000000000000000000000000000000000001
0000000000000000000000000000000000000001
0000000000000000000000000000000000000001
0000000000000000000000000000000000000001
0000000000000000000000000000000000000001
0000000000000000000000000000000000000001
0000000000000000000000000000000000000001
0000000000000000000000000000000000000001
0000000000000000000000000000000000000001
0000000000000000000000000000000000000001
0000000000000000000000000000000000000001
0000000000000000000000000000000000000001
0000000000000000000000000000000000000001
0000000000000000000000000000000000000001
0000000000000000000000000000000000000001
0000000000000000000000000000000000000001
0000000000000000000000000000000000000001
0000000000000000000000000000000000000001
0000000000000000000000000000000000000001
0000000000000000000000000000000000000001
0000000000000000000000000000000000000001
0000000000000000000000000000000000000001
0000000000000000000000000000000000000001
0000000000000000000000000000000000000001
0000000000000000000000000000000000000001
0000000000000000000000000000000000000001
0000000000000000000000000000000000000001
0000000000000000000000000000000000000001
0000000000000000000000000000000000000001
0000000000000000000000000000000000000001
0000000000000000000000000000000000000001
0000000000000000000000000000000000000001
0000000000000000000000000000000000000001
0000000000000000000000000000000000000001
0000000000000000000000000000000000000001
0000000000000000000000000000000000000001
0000000000000000000000000000000000000001
0000000000000000000000000000000000000001
0000000000000000000000000000000000000001
0000000000000000000000000000000000000001
0000000000000000000000000000000000000001
0000000000000000000000000000000000000001
0000000000000000000000000000000000000001
0000000000000000000000000000000000000001
0000000000000000000000000000000000000001
0000000000000000000000000000000000000001
0000000000000000000000000000000000000001
0000000000000000000000000000000000000001
0000000000000000000000000000000000000001
0000000000000000000000000000000000000001
0000000000000000000000000000000000000001
0000000000000000000000000000000000000001
0000000000000000000000000000000000000001
0000000000000000000000000000000000000001
0000000000000000000000000000000000000001
0000000000000000000000000000000000000001
0000000000000000000000000000000000000001
0000000000000000000000000000000000000001
0000000000000000000000000000000000000001
0000000000000000000000000000000000000001
0000000000000000000000000000000000000001
0000000000000000000000000000000000000001
0000000000000000000000000000000000000001
0000000000000000000000000000000000000001
0000000000000000000000000000000000000001
0000000000000000000000000000000000000001
0000000000000000000000000000000000000001
0000000000000000000000000000000000000001
0000000000000000000000000000000000000001
0000000000000000000000000000000000000001
0000000000000000000000000000000000000001
0000000000000000000000000000000000000001
0000000000000000000000000000000000000001
0000000000000000000000000000000000000001
0000000000000000000000000000000000000001
0000000000000000000000000000000000000001
0000000000000000000000000000000000000001
0000000000000000000000000000000000000001
0000000000000000000000000000000000000001
0000000000000000000000000000000000000001
0000000000000000000000000000000000000001
0000000000000000000000000000000000000001
0000000000000000000000000000000000000001
0000000000000000000000000000000000000001
0000000000000000000000000000000000000001
0000000000000000000000000000000000000001
0000000000000000000000000000000000000001
0000000000000000000000000000000000000001
0000000000000000000000000000000000000001
0000000000000000000000000000000000000001
0000000000000000000000000000000000000001
0000000000000000000000000000000000000001
0000000000000000000000000000000000000001
0000000000000000000000000000000000000001
0000000000000000000000000000000000000001
0000000000000000000000000000000000000001
0000000000000000000000000000000000000001
0000000000000000000000000000000000000001
0000000000000000000000000000000000000001
0000000000000000000000000000000000000001
0000000000000000000000000000000000000001
0000000000000000000000000000000000000001
0000000000000000000000000000000000000001
0000000000000000000000000000000000000001
0000000000000000000000000000000000000001
0000000000000000000000000000000000000001
0000000000000000000000000000000000000001
0000000000000000000000000000000000000001
0000000000000000000000000000000000000001
0000000000000000000000000000000000000001
0000000000000000000000000000000000000001
0000000000000000000000000000000000000001
0000000000000000000000000000000000000001
0000000000000000000000000000000000000001
0000000000000000000000000000000000000001
0000000000000000000000000000000000000001
0000000000000000000000000000000000000001
0000000000000000000000000000000000000001
0000000000000000000000000000000000000001
0000000000000000000000000000000000000001
0000000000000000000000000000000000000001
0000000000000000000000000000000000000001
0000000000000000000000000000000000000001
0000000000000000000000000000000000000001
0000000000000000000000000000000000000001
0000000000000000000000000000000000000001
0000000000000000000000000000000000000001
0000000000000000000000000000000000000001
0000000000000000000000000000000000000001
0000000000000000000000000000000000000001
0000000000000000000000000000000000000001
0000000000000000000000000000000000000001
0000000000000000000000000000000000000001
0000000000000000000000000000000000000001
0000000000000000000000000000000000000001
0000000000000000000000000000000000000001
0000000000000000000000000000000000000001
0000000000000000000000000000000000000001
0000000000000000000000000000000000000001
0000000000000000000000000000000000000001
0000000000000000000000000000000000000001
0000000000000000000000000000000000000001
0000000000000000000000000000000000000001
0000000000000000000000000000000000000001
0000000000000000000000000000000000000001
0000000000000000000000000000000000000001
0000000000000000000000000000000000000001
0000000000000000000000000000000000000001
0000000000000000000000000000000000000001
0000000000000000000000000000000000000001
0000000000000000000000000000000000000001
0000000000000000000000000000000000000001
0000000000000000000000000000000000000001
0000000000000000000000000000000000000001
0000000000000000000000000000000000000001
0000000000000000000000000000000000000001
0000000000000000000000000000000000000001
0000000000000000000000000000000000000001
0000000000000000000000000000000000000001
0000000000000000000000000000000000000001
0000000000000000000000000000000000000001
0000000000000000000000000000000000000001
0000000000000000000000000000000000000001
0000000000000000000000000000000000000001
0000000000000000000000000000000000000001
0000000000000000000000000000000000000001
0000000000000000000000000000000000000001
0000000000000000000000000000000000000001
0000000000000000000000000000000000000001
0000000000000000000000000000000000000001
0000000000000000000000000000000000000001
0000000000000000000000000000000000000001
0000000000000000000000000000000000000001
0000000000000000000000000000000000000001
0000000000000000000000000000000000000001
0000000000000000000000000000000000000001
0000000000000000000000000000000000000001
0000000000000000000000000000000000000001
0000000000000000000000000000000000000001
0000000000000000000000000000000000000001
0000000000000000000000000000000000000001
0000000000000000000000000000000000000001
0000000000000000000000000000000000000001
0000000000000000000000000000000000000001
0000000000000000000000000000000000000001
0000000000000000000000000000000000000001
0000000000000000000000000000000000000001
0000000000000000000000000000000000000001
0000000000000000000000000000000000000001
0000000000000000000000000000000000000001
0000000000000000000000000000000000000001
0000000000000000000000000000000000000001
0000000000000000000000000000000000000001
0000000000000000000000000000000000000001
0000000000000000000000000000000000000001
0000000000000000000000000000000000000001
0000000000000000000000000000000000000001
0000000000000000000000000000000000000001
0000000000000000000000000000000000000001
0000000000000000000000000000000000000001
0000000000000000000000000000000000000001
0000000000000000000000000000000000000001
0000000000000000000000000000000000000001
0000000000000000000000000000000000000001
0000000000000000000000000000000000000001
0000000000000000000000000000000000000001
0000000000000000000000000000000000000001
0000000000000000000000000000000000000001
0000000000000000000000000000000000000001
0000000000000000000000000000000000000001
0000000000000000000000000000000000000001
0000000000000000000000000000000000000001
0000000000000000000000000000000000000001
0000000000000000000000000000000000000001
0000000000000000000000000000000000000001
0000000000000000000000000000000000000001
0000000000000000000000000000000000000001
0000000000000000000000000000000000000001
0000000000000000000000000000000000000001
0000000000000000000000000000000000000001
0000000000000000000000000000000000000001
0000000000000000000000000000000000000001
0000000000000000000000000000000000000001
0000000000000000000000000000000000000001
0000000000000000000000000000000000000001
0000000000000000000000000000000000000001
0000000000000000000000000000000000000001
0000000000000000000000000000000000000001
0000000000000000000000000000000000000001
0000000000000000000000000000000000000001
0000000000000000000000000000000000000001
0000000000000000000000000000000000000001
0000000000000000000000000000000000000001
0000000000000000000000000000000000000001
0000000000000000000000000000000000000001
0000000000000000000000000000000000000001
0000000000000000000000000000000000000001
0000000000000000000000000000000000000001
0000000000000000000000000000000000000001
0000000000000000000000000000000000000001
0000000000000000000000000000000000000001
0000000000000000000000000000000000000001
0000000000000000000000000000000000000001
0000000000000000000000000000000000000001
0000000000000000000000000000000000000001
0000000000000000000000000000000000000001
0000000000000000000000000000000000000001
0000000000000000000000000000000000000001
0000000000000000000000000000000000000001
0000000000000000000000000000000000000001
0000000000000000000000000000000000000001
0000000000000000000000000000000000000001
0000000000000000000000000000000000000001
0000000000000000000000000000000000000001
0000000000000000000000000000000000000001
0000000000000000000000000000000000000001
0000000000000000000000000000000000000001
0000000000000000000000000000000000000001
0000000000000000000000000000000000000001
0000000000000000000000000000000000000001
0000000000000000000000000000000000000001
0000000000000000000000000000000000000001
0000000000000000000000000000000000000001
0000000000000000000000000000000000000001
0000000000000000000000000000000000000001
0000000000000000000000000000000000000001
0000000000000000000000000000000000000001
0000000000000000000000000000000000000001
0000000000000000000000000000000000000001
0000000000000000000000000000000000000001
0000000000000000000000000000000000000001
0000000000000000000000000000000000000001
0000000000000000000000000000000000000001
0000000000000000000000000000000000000001
0000000000000000000000000000000000000001
0000000000000000000000000000000000000001
0000000000000000000000000000000000000001
0000000000000000000000000000000000000001
0000000000000000000000000000000000000001
0000000000000000000000000000000000000001
0000000000000000000000000000000000000001
0000000000000000000000000000000000000001
0000000000000000000000000000000000000001
0000000000000000000000000000000000000001
0000000000000000000000000000000000000001
0000000000000000000000000000000000000001
0000000000000000000000000000000000000001
0000000000000000000000000000000000000001
0000000000000000000000000000000000000001
0000000000000000000000000000000000000001
0000000000000000000000000000000000000001
0000000000000000000000000000000000000001
0000000000000000000000000000000000000001
0000000000000000000000000000000000000001
0000000000000000000000000000000000000001
0000000000000000000000000000000000000001
0000000000000000000000000000000000000001
0000000000000000000000000000000000000001
0000000000000000000000000000000000000001
0000000000000000000000000000000000000001
0000000000000000000000000000000000000001
0000000000000000000000000000000000000001
0000000000000000000000000000000000000001
0000000000000000000000000000000000000001
0000000000000000000000000000000000000001
0000000000000000000000000000000000000001
0000000000000000000000000000000000000001
0000000000000000000000000000000000000001
0000000000000000000000000000000000000001
0000000000000000000000000000000000000001
0000000000000000000000000000000000000001
0000000000000000000000000000000000000001
0000000000000000000000000000000000000001
0000000000000000000000000000000000000001
0000000000000000000000000000000000000001
0000000000000000000000000000000000000001
0000000000000000000000000000000000000001
0000000000000000000000000000000000000001
0000000000000000000000000000000000000001
0000000000000000000000000000000000000001
0000000000000000000000000000000000000001
0000000000000000000000000000000000000001
0000000000000000000000000000000000000001
0000000000000000000000000000000000000001
0000000000000000000000000000000000000001
0000000000000000000000000000000000000001
0000000000000000000000000000000000000001
0000000000000000000000000000000000000001
0000000000000000000000000000000000000001
0000000000000000000000000000000000000001
0000000000000000000000000000000000000001
0000000000000000000000000000000000000001
0000000000000000000000000000000000000001
0000000000000000000000000000000000000001
0000000000000000000000000000000000000001
0000000000000000000000000000000000000001
0000000000000000000000000000000000000001
0000000000000000000000000000000000000001
0000000000000000000000000000000000000001
0000000000000000000000000000000000000001
0000000000000000000000000000000000000001
0000000000000000000000000000000000000001
0000000000000000000000000000000000000001
0000000000000000000000000000000000000001
0000000000000000000000000000000000000001
0000000000000000000000000000000000000001
0000000000000000000000000000000000000001
0000000000000000000000000000000000000001
0000000000000000000000000000000000000001
0000000000000000000000000000000000000001
0000000000000000000000000000000000000001
0000000000000000000000000000000000000001
0000000000000000000000000000000000000001
0000000000000000000000000000000000000001
0000000000000000000000000000000000000001
0000000000000000000000000000000000000001
0000000000000000000000000000000000000001
0000000000000000000000000000000000000001
0000000000000000000000000000000000000001
0000000000000000000000000000000000000001
0000000000000000000000000000000000000001
0000000000000000000000000000000000000001
0000000000000000000000000000000000000001
0000000000000000000000000000000000000001
0000000000000000000000000000000000000001
0000000000000000000000000000000000000001
0000000000000000000000000000000000000001
0000000000000000000000000000000000000001
0000000000000000000000000000000000000001
0000000000000000000000000000000000000001
0000000000000000000000000000000000000001
0000000000000000000000000000000000000001
0000000000000000000000000000000000000001
0000000000000000000000000000000000000001
0000000000000000000000000000000000000001
0000000000000000000000000000000000000001
0000000000000000000000000000000000000001
0000000000000000000000000000000000000001
0000000000000000000000000000000000000001
0000000000000000000000000000000000000001
0000000000000000000000000000000000000001
0000000000000000000000000000000000000001
0000000000000000000000000000000000000001
0000000000000000000000000000000000000001
0000000000000000000000000000000000000001
0000000000000000000000000000000000000001
0000000000000000000000000000000000000001
0000000000000000000000000000000000000001
0000000000000000000000000000000000000001
0000000000000000000000000000000000000001
0000000000000000000000000000000000000001
0000000000000000000000000000000000000001
0000000000000000000000000000000000000001
0000000000000000000000000000000000000001
0000000000000000000000000000000000000001
0000000000000000000000000000000000000001
0000000000000000000000000000000000000001
0000000000000000000000000000000000000001
0000000000000000000000000000000000000001
0000000000000000000000000000000000000001
0000000000000000000000000000000000000001
0000000000000000000000000000000000000001
0000000000000000000000000000000000000001
0000000000000000000000000000000000000001
0000000000000000000000000000000000000001
0000000000000000000000000000000000000001
0000000000000000000000000000000000000001
0000000000000000000000000000000000000001
0000000000000000000000000000000000000001
0000000000000000000000000000000000000001
0000000000000000000000000000000000000001
0000000000000000000000000000000000000001
0000000000000000000000000000000000000001
0000000000000000000000000000000000000001
0000000000000000000000000000000000000001
0000000000000000000000000000000000000001
0000000000000000000000000000000000000001
0000000000000000000000000000000000000001
0000000000000000000000000000000000000001
0000000000000000000000000000000000000001
0000000000000000000000000000000000000001
0000000000000000000000000000000000000001
0000000000000000000000000000000000000001
0000000000000000000000000000000000000001
0000000000000000000000000000000000000001
0000000000000000000000000000000000000001
0000000000000000000000000000000000000001
0000000000000000000000000000000000000001
0000000000000000000000000000000000000001
0000000000000000000000000000000000000001
0000000000000000000000000000000000000001
0000000000000000000000000000000000000001
0000000000000000000000000000000000000001
0000000000000000000000000000000000000001
0000000000000000000000000000000000000001
0000000000000000000000000000000000000001
0000000000000000000000000000000000000001
0000000000000000000000000000000000000001
